7823
5814
3181
3689
9885
1710
1818
5721
8087
9089
7738
8054
9156
488
2669
7145
96
2680
4430
854
2120
9483
8364
4880
8989
3119
5337
8780
2198
1144
4967
5968
6930
6317
3804
7158
7267
967
2179
5253
7758
3328
4714
2433
4943
1495
7945
6866
1588
2691
9016
2148
7865
4472
572
9022
8548
4570
174
7646
4371
5207
8695
4044
6530
8217
9966
3201
7729
973
8383
3064
8378
3602
8961
4130
8709
1624
8933
8845
7698
8159
6082
3706
2568
4195
8301
8518
2409
8320
403
4387
6109
1478
2785
5341
2464
2830
3259
1750
1915
8770
8315
1581
355
9800
8864
3008
6300
7811
8157
2172
5782
7451
612
8967
7109
7563
7695
9681
4223
6439
6174
2855
6337
6792
1036
4103
1088
9152
5111
703
845
8952
6416
2706
6008
1742
4291
6248
5338
5484
3248
2063
8459
2707
2503
9656
5229
5204
1713
9167
7915
391
4097
6562
9274
6922
1754
7893
229
2816
5554
8212
7428
7510
3938
4655
8334
1973
6948
2243
2697
9883
9955
9056
8456
5946
568
6558
5343
4258
3069
6225
4463
9528
6078
2324
4473
9079
9292
9328
9226
1912
2354
8995
3029
684
5446
9843
6132
3183
3165
1931
1253
6293
678
1731
4172
1191
8473
5877
7000
7417
4152
6052
8166
2491
6622
2784
2617
3885
2905
8987
5986
6285
7247
6434
483
3220
3965
7350
4230
2557
2171
679
1063
9372
3102
4447
2760
1846
3295
4985
5071
7625
8043
1064
3833
4294
4274
4517
372
9765
6183
997
5796
6702
6372
7845
1719
7360
4409
8616
8722
4460
3464
6298
4278
5042
3526
3926
6219
7394
5616
1779
738
3337
7908
8870
1399
2827
989
2742
4142
8662
1559
6763
1566
3611
2979
1283
9306
7270
743
2349
6103
9637
1286
8515
4816
2426
6597
1318
4747
7419
2847
5903
3900
7289
9710
2655
7741
1773
802
2381
537
1385
8517
7166
8526
8633
3512
5923
5005
5787
4952
1644
7906
1926
6537
6543
1361
6574
7473
2264
5433
6655
8546
3742
4121
4350
5944
1558
7955
6761
3651
2533
9302
4534
7024
3933
8636
4279
5955
9196
501
9228
4790
5277
7490
9019
3373
6376
3355
9666
5262
1831
2313
5699
3249
7317
4394
8858
2455
3504
4015
5511
1637
5800
8200
3362
1681
3238
4636
254
1908
1946
5447
9788
8400
7443
9392
3918
1813
8504
2611
7573
5594
5457
9516
9652
1100
5312
1005
9526
1511
5647
6919
2481
3458
836
4889
9924
2372
6186
1488
9744
5747
3359
2456
3243
1783
4540
9893
4381
2730
1497
6711
6771
646
151
6747
8069
3769
5150
1564
9808
768
9875
6386
3057
1589
2043
8937
4775
260
1320
1604
6271
5313
6470
6426
8702
3894
1180
4626
5422
5639
87
1607
5759
6589
3593
3415
971
7288
1866
6158
8520
9422
1035
1705
5804
8163
5831
7122
8510
6993
3941
6639
7265
5062
3872
7750
8094
3116
5947
5165
1943
6756
7638
8715
321
3166
7859
9385
6060
1924
6686
5115
6881
1850
8176
811
8879
1322
4108
9309
9421
7505
9397
2303
1852
4259
5670
5036
3621
6946
7447
6241
9038
5978
217
5914
9667
4647
1608
9684
6414
8331
1375
8599
6283
2668
1634
8241
1605
8894
2239
1503
916
3142
1749
9696
539
8108
3569
5871
7636
5780
261
2201
7228
3788
3559
478
9889
9976
4442
2665
1017
8608
9124
999
7335
5743
8652
5845
5828
7951
2734
2252
1261
3351
6862
9676
8426
4245
7985
2916
243
9236
264
5196
3317
2375
6546
8912
8055
519
5589
6072
5017
9571
1047
5407
902
2652
7050
7313
8211
1583
6929
9974
9553
4348
8888
406
9664
4638
7615
6645
8106
6190
8238
5287
3556
5185
4972
4541
7167
2737
4035
7857
4285
8779
1736
5038
3530
8540
6502
5072
4356
9241
9004
7652
6972
7160
5006
9307
9962
1609
610
6673
7710
5522
6401
4683
7273
3532
1747
1279
2117
6677
2230
5354
4079
1196
7415
1093
7460
3650
4846
3827
2149
3877
9472
8339
7928
9185
3904
5510
1877
4233
2144
5865
2941
4192
6626
7479
5556
3968
884
8916
304
4596
3145
605
8774
3007
8860
862
9308
6199
6277
1881
5981
9555
2351
6565
4383
5096
1107
2801
5261
736
2004
3190
793
9497
4831
7010
8401
5481
9408
8441
9926
1306
7601
4547
9940
6230
9361
5470
538
161
1117
9213
3648
4803
5320
4802
8566
4907
8249
5458
2510
418
9985
7757
8713
2948
5956
3150
5794
1007
6995
7929
1315
2275
5131
1082
27
2049
5014
1473
9594
3252
1480
3136
644
2100
9108
5376
1111
8537
7316
6195
6731
2421
4719
4020
6519
60
2524
5437
3227
9289
6864
1206
6290
6528
5954
6404
8634
19
9544
5655
3410
8941
3269
8585
6668
5683
5040
6354
6841
7164
5058
9304
1271
1854
9326
7278
3799
8896
4384
6294
5222
9998
7856
3568
6545
2200
8115
9686
9915
8291
6551
983
9558
2531
3476
3353
9919
8133
468
2718
6535
4757
8924
3765
4227
2207
8353
7323
4487
4973
2536
1008
6242
1506
2328
8470
7046
1110
2879
7816
8775
5308
2
1244
7665
5116
8543
4432
9446
7942
9130
5284
3890
2087
4249
6632
5995
8162
9897
9619
365
1874
8216
5873
5353
8079
3636
2958
7371
1993
5378
8670
9530
6180
3683
5077
8570
9789
5301
231
4094
791
4513
9268
5662
187
7959
9323
4254
7525
2041
5456
4527
7656
6087
3246
7229
4206
5295
6581
5275
7392
1748
6798
9305
7246
3729
4354
7709
9161
6429
5702
1665
9202
6783
4451
7872
4074
5128
7730
6368
3752
8109
8093
4021
7268
8351
8261
7159
4342
3293
7874
3097
2086
9182
1341
6499
1648
6299
885
9719
3718
1229
2141
1351
9537
3244
5720
7828
301
6533
3030
2995
727
4175
7557
2025
2370
8979
6301
7655
6335
6822
1472
7965
6363
9736
7626
7239
3943
308
3037
200
4631
6388
5195
8451
8381
45
1154
6691
4148
9944
6238
1627
8738
4273
2053
1528
298
4203
9901
458
9773
5988
9405
693
1211
1975
1839
9033
4866
9907
6127
3840
2528
9737
1784
5592
2460
9860
1214
4160
9654
5495
1477
9545
6239
3654
5081
2714
6315
2721
1304
7062
4863
4501
6240
7849
9775
8125
1643
8692
1613
4704
9454
1163
3641
8277
3785
5016
2698
2379
8484
9997
179
6444
3625
7497
9951
3175
4365
156
528
5494
5580
6017
4992
9699
4544
4208
4060
4374
4853
968
896
12
4455
6572
9287
2273
9818
3460
2452
1592
7388
7301
3637
5123
5415
9180
6332
137
2318
4901
3472
3262
8460
6925
2056
9989
8654
868
9739
9119
320
7548
8908
4151
7115
6167
5777
3255
4163
5929
8696
3502
9787
8748
4530
1307
1264
934
9473
9378
7136
9599
6640
2738
9734
9910
3433
178
2058
2037
7495
6748
7203
7155
9523
2818
1668
8489
2115
2013
5373
2551
3694
6871
3370
4099
408
4760
9799
3768
5514
6418
1830
6135
5
3842
3360
9535
6892
9708
8385
6451
6400
1091
8289
1454
9502
1023
9342
549
1734
7953
9679
7406
6104
6721
779
5480
8457
127
2625
8673
5069
8409
1192
7543
1448
1633
6670
8814
5595
4336
2223
120
6134
3375
4207
9812
5430
8644
4490
9114
466
2946
6587
3815
2202
7873
9724
1311
373
9322
3304
9569
7550
6455
7087
504
9762
1295
410
5961
7195
7909
5807
5488
1689
1471
1096
6391
3327
8039
6795
9187
8256
211
865
4198
7749
9899
2265
5546
6870
5872
2206
7962
7102
608
3447
7249
598
6634
4051
3049
2731
2810
5029
1820
2631
8852
2418
654
1671
7853
4499
8949
1595
8737
6343
2899
844
8977
806
1967
5252
4923
5971
6030
8380
322
9513
4312
235
1966
6396
5840
7072
4979
2305
8880
9866
2260
871
717
7637
2317
2875
2564
30
9512
1833
7151
6208
9394
9661
1378
4042
4564
3177
9111
1529
507
7023
1770
3921
8491
3098
9922
2258
9777
5090
4926
5362
4835
810
305
5529
4202
5833
3811
8011
2604
5059
7148
8957
1022
7141
472
5791
8266
8816
8833
4366
9704
7328
2030
4515
182
1980
6797
1452
7295
7950
8781
3039
9097
4931
1427
1131
3108
541
9146
651
8893
3332
9896
4028
2133
9353
9239
6591
3626
6882
7864
7342
8496
4461
3980
6807
3609
7506
4680
5497
6806
3033
9238
40
7078
9253
9381
9771
7042
1572
1577
5232
4652
5396
8274
5992
3376
1487
1919
956
3419
571
5860
6466
667
7751
3691
8336
202
7520
3705
2268
9031
6399
3903
8975
9617
4425
7245
5674
7801
1352
1794
3237
9333
9127
1167
5718
2864
2450
6377
3427
5386
690
1533
2217
7516
4597
6999
5240
1560
8359
8600
3531
6325
542
404
1886
8407
832
3081
7425
2761
7033
1809
4407
4678
2191
7754
2499
2404
7084
2509
8398
5661
1422
307
3300
4588
8990
427
2525
4147
5849
8610
2702
1810
3951
8805
5861
100
1409
1760
5983
8482
2626
3377
8458
6159
81
1038
8953
1548
9142
8766
6081
3320
4572
9909
360
4010
587
1030
3219
7352
5132
8881
2321
8135
4817
1336
7020
4688
1389
6932
0
247
2675
7336
8595
4022
7332
2907
2965
1408
6041
8345
4550
8681
1880
5018
1134
5984
6284
354
5465
3478
6553
5171
1958
6140
293
4641
6962
6054
1951
3789
3149
4419
5888
6764
7546
7442
451
8813
6961
3902
3633
6046
3698
982
4157
4219
5756
2357
2726
140
2488
8231
3944
9036
3663
8402
5820
8386
1006
272
5710
3710
4334
7747
3544
6039
1536
3538
1563
5065
9550
2168
1940
5566
3731
9330
5633
8773
7446
8104
3054
1447
1384
3725
1894
3969
6996
5920
8985
9138
8076
2308
7579
3313
1410
1334
7500
1412
8678
1856
4942
6997
8371
460
3911
8760
4466
9358
1976
8171
7897
2860
8661
9045
8680
988
1075
1792
3959
1870
6810
5393
5622
4932
1982
2998
5520
7503
2405
6876
6653
8825
2473
2353
7877
8344
1827
3798
1826
1194
5883
7589
2838
2608
7785
2204
6289
5478
688
6715
9101
1058
9742
7309
8613
6848
6602
490
6566
2061
75
970
246
2406
7190
1441
6596
8603
4789
8639
4433
6666
3340
1330
839
785
4450
2270
425
2711
2477
8866
2399
8024
2442
3786
1141
673
4583
4864
553
3576
3241
4503
4267
626
3564
407
734
1481
6331
5533
6124
8721
3925
2247
352
4458
2609
3209
8735
6805
3160
7584
8422
2482
5740
4594
9703
9607
6654
5788
2253
3489
2183
5669
6912
4725
4071
6168
8745
576
5908
3169
1885
503
4185
1518
816
341
6437
9937
677
7577
9171
2020
1092
1435
6991
9427
1301
3832
3372
7440
7968
4118
9249
1421
661
7196
5002
9735
9073
5711
5250
9895
1136
6914
5291
9602
6778
9311
2745
8130
8145
4763
7841
1964
671
1797
2316
9078
138
1299
5808
1428
1333
8506
2553
948
1884
8395
3034
6256
5851
3380
1499
6150
8749
7692
4390
5980
1999
8332
5538
6278
1374
6297
2155
9251
841
4158
4960
8074
8729
6861
9835
9276
3719
3479
1130
5200
6178
535
5507
6964
6730
6692
5723
1995
1042
1391
5235
5703
5108
5515
524
1875
7553
7095
9499
4700
2732
9166
1250
1622
2994
5099
4919
1087
9538
4776
835
1258
2890
2212
5530
9520
7583
4511
181
7693
1653
9827
8281
1466
5084
4296
5340
940
1682
2983
7517
5612
3236
8601
3121
1323
888
2307
8144
6097
9133
8597
4840
4536
1822
6415
6826
9085
7789
9065
7081
6524
7153
9945
3781
7377
5152
350
1930
3716
5367
8262
6378
5317
1462
8928
1218
4504
6246
8978
2444
376
3857
3068
78
9877
9092
1099
7613
2035
978
1905
8854
9913
8969
2560
8960
7233
7005
2259
7944
6939
6902
8627
1746
2401
4935
3490
3451
6880
1392
1000
8357
6166
4797
4602
1162
6976
3213
8199
4724
1312
8209
2720
4998
2856
1268
2288
7934
803
9198
9791
5628
6214
3144
3017
2659
9908
9450
6090
986
8991
4100
3776
680
5858
2940
9874
7272
2254
4299
1025
5916
1411
3686
16
5614
3657
2005
8119
9371
9387
6461
7484
2917
1512
996
4612
8907
5379
4658
7402
9362
7986
4510
8663
85
7782
2891
7993
1184
9023
8922
18
5573
7967
512
700
5431
3519
5781
6318
1618
5686
4787
1745
2385
1262
6357
886
581
8061
5659
3985
8350
6924
9360
2466
2300
9614
5391
3022
7243
8183
9116
6719
9925
2129
1032
152
3120
8906
2153
8219
9388
2780
6083
3271
2022
5765
9847
3505
8297
7294
2636
9209
4978
7523
889
2501
3279
7138
2598
6405
4217
4069
4344
6682
3899
6610
4057
6733
3189
3993
5700
8021
6752
7770
9401
2595
5145
5243
3104
6979
5239
5715
4693
3971
9452
3000
8107
8718
5024
6529
325
2975
8497
592
6189
4075
9039
6904
2094
1732
4947
2046
807
129
2735
1388
5739
767
8368
4269
4401
6501
6411
2267
6994
2028
7398
9952
1771
8421
1796
9345
6450
9601
9536
5273
6840
2186
3132
3417
3997
5680
7658
4332
3766
2175
3549
7616
1386
514
8204
8288
2382
8446
7006
8240
1199
8645
5429
976
4966
919
3983
287
4756
8255
8252
1508
3002
4809
2467
8512
5076
4488
1657
7282
1895
5192
1702
1706
3975
8746
4845
9521
628
1276
5663
1168
6226
6236
753
2945
3426
555
1362
7885
4937
3496
3094
4190
3521
5579
8895
6306
1066
439
3386
5475
3561
5182
7969
5342
9099
4485
6974
1061
95
4464
306
5129
2648
7401
7977
5233
432
1059
3880
2914
4199
3042
1358
7578
4034
7168
6635
1987
9496
9144
7435
2244
9423
7433
1159
6484
9343
4265
2029
1717
4617
4723
7871
8210
6609
7106
3831
1542
198
2048
3585
2676
5942
659
2054
3060
7797
1683
4514
8053
2692
4539
8080
5143
7661
9746
9197
1104
914
771
1672
8846
3529
4579
3186
3147
7815
715
7118
6311
1619
2026
8149
7948
5037
4280
551
8868
2673
2690
796
8296
5215
5568
2747
5318
9063
6865
5311
3202
7092
1661
2663
3369
3461
2284
7231
1294
5854
1829
4183
4818
4607
3334
8303
3666
7706
7491
911
3967
4664
1429
1530
8867
7555
4869
3850
9831
5726
3487
1119
128
5370
6989
8124
769
5085
8699
6101
2839
5866
4777
4701
7152
6927
2036
6539
4573
7369
6828
5835
8923
1140
1369
9752
7848
2741
8936
9698
3040
3707
1667
7320
8335
8020
4740
6520
3841
9255
3543
544
8806
8785
1824
8312
225
5784
9583
413
9633
3681
1216
3806
2493
8427
278
6751
4500
8559
9095
9981
313
7705
5206
9087
9088
3307
4856
4948
8742
8724
9178
3290
9957
3565
8254
2301
8072
3339
7621
8223
6478
4783
3836
8958
6462
1938
7685
6112
9815
3591
7414
5106
5855
7952
7300
4067
2532
6973
1551
9468
7356
5118
2364
6951
4904
199
2391
1485
4806
6833
6477
1071
543
7280
402
3736
6790
6460
6211
6561
3733
9965
710
6541
2639
3027
7991
3950
4953
3557
4178
7783
5435
5806
692
8574
8514
6586
7094
1187
9871
8704
9980
3462
4735
4815
6091
433
3331
2921
7538
6175
9579
8687
1208
8545
1402
6394
2537
8568
2278
3075
3552
3699
5334
3808
6495
263
9821
3845
9436
2893
5477
3939
1652
4520
7292
5523
4256
5381
2632
7824
1469
7939
7512
3614
2411
8037
9232
7338
8793
8450
8641
6953
9461
1172
5521
4088
2999
8682
9282
611
8195
4397
4187
1236
3545
4876
5022
583
6894
6457
4669
9428
22
5360
5894
745
863
3525
1269
6130
497
683
5039
1407
72
218
8786
7994
9830
9420
9790
5161
8971
7936
7725
2359
9329
8650
9487
8803
6738
1725
7298
3575
6791
4115
1516
3232
6365
9310
8205
3780
6019
9712
9605
3129
6364
8468
4810
8988
1711
8690
5074
9669
9729
9917
723
8734
6292
4091
5575
277
7202
6918
6232
4424
937
5325
5832
3723
2193
797
6194
4012
5785
6347
800
285
4609
6291
8131
763
842
7022
1587
6260
3093
5998
9888
3281
6316
4545
9370
8591
531
3465
2226
3161
1694
1911
2927
8984
2913
9563
196
7
6088
515
3274
9670
5879
5810
8007
4357
1252
6422
5627
8111
334
1728
1238
2281
5418
1715
6330
4161
649
8034
8925
3702
6643
7723
9279
1842
5271
1610
7257
4064
6850
4685
9880
3082
1584
1463
6093
6064
5220
4975
2014
7521
2283
9009
1892
8203
6839
8066
2918
6341
3908
86
7535
1240
209
567
2125
4897
67
5517
2723
1242
5181
4359
2554
1789
7411
9398
6489
3884
7564
7628
7978
4134
8000
3322
1303
772
6746
3800
2936
7743
2195
4056
8529
5237
7926
8329
822
3112
9484
4986
7467
2182
9879
9410
5329
4522
5551
7835
5032
3250
3164
3790
9295
4052
5562
9572
3709
9218
2541
7173
872
9001
4135
7645
5816
8251
9494
397
7325
1909
622
2298
7901
3224
6570
2667
2097
6244
7494
6885
8376
1496
2695
6842
5355
8132
3067
3063
5527
6323
484
2113
1289
5274
4400
5737
7803
4318
4772
4005
8959
990
259
9046
6599
4968
7594
6233
6859
2635
8697
3927
8582
8872
8765
166
7227
4210
9153
312
3192
4654
5472
5095
9650
1612
6353
2740
588
1458
1198
1272
5278
2245
7111
1235
6934
5416
2365
5749
3117
6497
8153
2791
6217
9612
2089
7802
925
4281
5380
6203
7804
9314
9911
8684
975
4169
5706
7492
2674
3759
7144
471
2800
9534
9565
3388
7170
344
8118
1649
1650
6407
7089
6651
8947
2677
5394
7606
4347
7105
5462
3608
2969
3760
9498
2590
6960
9225
8974
3524
6774
2315
7541
933
6780
5618
955
3949
5620
6514
716
4964
4893
8258
8052
7777
9094
5707
1161
3514
1419
5657
7147
7212
5769
4914
3346
5201
4890
168
5839
6162
463
2559
3137
1688
9384
6431
621
8667
3587
7281
5761
1599
7992
4497
2059
746
1586
2897
7090
9404
4440
912
1232
4188
9822
9294
6114
1893
3258
8023
2000
1541
1328
7762
7480
9946
9143
7067
2793
5242
450
2967
6120
436
5681
8059
3061
8501
5063
6108
8382
5302
2224
4587
1775
924
5203
4507
4786
2783
7343
7274
412
853
3429
4422
4801
5460
9932
6022
9240
3477
6213
2977
9678
8691
6846
2345
5053
9155
817
8207
2884
7552
8127
8433
3240
7919
7605
1446
5874
838
351
8375
4391
1403
6793
4940
2448
5421
556
1781
8187
332
8951
1561
994
6776
6735
9829
380
3114
1148
441
1525
9257
2068
1654
1120
6684
8415
6485
3288
6165
8705
8756
5798
6048
8534
6267
1424
1569
6910
9214
8028
6916
3411
2904
545
4668
6741
5244
2366
2453
3638
6498
6077
8819
6146
761
3276
4751
5211
1861
6573
6313
7201
1913
794
2309
6695
2794
8560
6874
9349
5335
3041
6053
1051
6705
9011
3506
1704
4917
9070
1631
7264
5753
7261
9486
6773
2003
1170
7981
4970
6681
9557
4007
4635
8290
4651
4363
5034
4236
4271
5296
1265
5926
3182
4027
9561
3735
6220
5974
9663
6382
7496
130
6015
5227
2993
8628
7895
6207
7964
5473
1084
7493
5909
6374
1675
5640
142
8885
8732
8955
6605
2748
5997
3533
2475
9785
5712
3979
9128
9110
5336
7735
7397
4211
476
123
2511
8282
640
5438
565
6954
6868
8799
1853
7378
8903
3485
9151
2122
2012
9987
1847
6345
6209
5574
8878
8178
6085
1382
8137
3923
8193
591
4922
184
1655
2242
8311
9466
5868
2508
6739
5792
7137
9433
3758
4792
7702
3703
4523
4752
5098
1459
207
1171
2188
4305
3541
139
9389
8768
4385
1101
6144
1034
8038
8307
5453
9810
238
6817
5163
1370
349
3646
8920
7843
4566
1603
8143
6641
7028
9646
1085
9588
7858
201
8618
8369
3035
7588
6820
4429
560
7194
616
1122
1189
3984
7314
7454
6043
3745
8308
4481
1041
203
5023
787
3622
1805
2971
2092
253
9109
6617
9862
7326
7008
8736
2209
5790
4144
8919
4661
5910
6627
4431
1069
5103
4628
3399
7470
2218
5889
7509
89
4112
1073
7644
8954
5411
8247
8660
6588
2480
4957
8139
7780
5350
237
5549
9271
985
3438
3649
5526
3350
6492
2985
8554
6073
4886
4928
3661
1755
8999
5119
1083
5966
4812
9721
8708
4085
7048
5646
5326
9844
2019
9407
3467
4800
941
7129
5610
5423
6680
6853
1363
7678
7483
4162
4277
5895
4043
4468
9665
6116
8772
3513
9865
2758
1406
1203
1934
936
5886
6
7898
6149
9706
5598
7940
8417
4509
7791
6296
1534
6080
1803
5290
4323
8754
5668
8214
1247
8812
6196
7842
5216
5157
375
5829
2991
219
893
8809
3421
5852
5268
9690
3047
3158
6852
5773
2337
5766
118
51
5461
3560
4731
8347
2227
4080
6153
1504
4380
9900
155
6452
6595
2249
4758
2431
2291
8767
9574
3125
2055
5170
6279
2756
9590
3083
4109
9705
5701
6122
728
3751
7916
6906
4727
7911
1150
5135
1065
4228
252
4696
829
9616
3656
1798
1989
4761
61
5056
17
5371
6824
526
2486
818
9570
3582
5467
8831
5048
3143
2577
4373
1340
6926
280
3553
3439
2151
6098
760
9531
1185
3863
4444
3757
2521
2565
8676
2348
2782
4234
456
3392
8596
7015
3991
7427
3374
4828
7560
8731
9573
7796
782
6482
8665
5819
4333
4956
6727
1067
6557
6831
3866
1356
913
6067
8326
1200
1372
9938
5025
5643
7504
3612
5578
7143
7107
3534
1953
9426
7208
1237
725
4976
8361
3056
4448
2873
5653
1730
1401
3580
7142
945
5964
4029
6201
2376
2686
4559
3079
175
737
430
4808
6858
5314
3803
2266
1278
8672
4096
1523
9347
6198
1807
4412
8138
5502
5486
7833
4191
9763
3715
2898
7329
6981
319
9685
5960
7333
2178
4577
5451
9859
8801
6424
485
7883
5492
3422
9354
1291
3771
3115
2432
1795
1054
8752
339
630
4492
2877
9029
3849
6663
6257
7956
383
3700
4137
6481
7923
9399
2064
1544
2174
8671
9615
9283
6392
9159
1234
7012
6578
2771
4417
8237
7088
5490
3809
6055
3443
3791
9192
7416
8577
7822
2485
442
2647
5033
8170
7283
5009
1112
8980
8346
7954
1009
4995
3367
5304
5738
7927
6261
4340
8253
9334
5821
121
1245
7162
7193
7218
7176
3286
6288
6205
7065
9527
4038
4902
7120
3358
8367
1932
7192
1974
4603
4878
4076
2388
2657
3277
8025
1994
2451
4372
6428
9005
9518
9902
6983
2071
6359
7237
6788
3197
2989
6273
827
6352
2956
2210
2566
414
6210
9303
1016
99
993
3253
2947
4311
4915
3937
5234
5092
3140
8744
6538
6089
2976
421
574
4410
712
739
9160
2465
5802
8762
1910
4418
9626
9044
7930
1535
4660
852
3919
1571
8832
8637
9286
2109
6025
1151
8630
7250
3737
5697
4894
8148
3720
9943
3066
6851
9188
7531
5105
8761
3946
445
5539
5778
2569
8521
9540
7681
6191
194
7508
5732
2130
1575
2389
3756
8535
1790
8292
906
3308
2959
2699
82
5677
4282
2082
2772
9701
8739
3624
6940
525
1899
7996
7339
7230
9568
6266
4275
7213
292
3156
8683
1505
5251
4319
5783
4694
3546
2861
511
9505
8389
9441
4692
8088
3511
9186
9135
7384
4556
879
2492
8874
5918
8605
4066
1115
5384
603
8172
5489
1056
2933
8010
2694
2651
7489
9604
4238
4663
5867
3774
5066
3434
2798
2108
3326
4324
8849
5602
5078
5434
6759
8956
6393
5952
9139
1197
8583
6483
2713
9460
932
3335
1825
149
249
4058
2407
1118
2788
1718
1457
2498
669
1074
9321
8483
9813
4951
2744
7715
7676
7585
7611
3131
9782
9115
7886
3589
5570
2688
2081
7671
6486
3442
3204
8490
3994
5372
6693
4214
9277
3677
5349
448
6716
3712
7884
6532
1317
2653
5299
9728
8876
2703
2850
35
2974
8658
3076
5611
7963
1416
8089
2863
5624
7722
2185
4039
7098
4672
7400
6598
6603
4120
1656
4252
1562
4599
6527
6020
4850
7101
2255
9903
1855
273
5534
8509
6346
3109
7044
6615
2803
6844
9873
7032
7057
8584
4720
88
3107
7179
2287
3862
2021
8404
266
3972
8598
4308
2446
1415
8938
3722
7746
9968
609
5558
5426
5809
7667
3171
8342
9548
8330
4220
2045
8464
2886
1338
1095
9804
2361
8194
9000
3644
14
9906
4871
2645
6092
6139
3822
6717
2074
5559
7290
2805
3072
2588
6464
8964
7381
5300
708
6760
5678
1907
53
7627
1418
5987
1314
3600
4916
9891
6594
8602
1256
3
9080
1828
7812
7733
5147
7647
8442
7593
1611
5722
2257
4086
6986
8397
4653
7448
3336
2951
5112
713
4353
5377
6379
2820
9096
3282
7598
7436
7720
3962
9700
3746
5902
9064
8469
6329
1444
7880
8664
1398
1666
9177
2534
6825
3074
2067
5635
6955
1225
2024
5552
9168
150
6567
8246
7775
8755
7744
3865
1048
1220
784
1298
4595
3296
1177
227
4855
1555
5675
1579
2396
3853
3233
386
7286
7307
7827
3701
3100
9647
5149
1482
1944
2439
1778
2170
960
9509
1039
5498
7846
9393
7407
5584
3509
6590
9986
9717
2362
2795
7059
8031
2970
9376
4009
5383
3601
1632
7437
5410
5035
900
697
7806
1190
286
6438
4048
7073
1103
474
9504
5795
6263
7263
4092
776
595
329
8553
299
1423
9757
8477
2602
3573
9048
73
8488
3020
423
9259
126
2836
3989
2325
7987
1019
520
1055
1077
4439
4910
7485
8993
2311
8828
8070
1282
2383
4201
5327
3992
1812
5321
594
9674
570
1205
8836
2764
3540
480
9606
9338
2906
5427
6487
4154
2572
1751
1724
4138
7680
368
691
617
6575
5719
6185
1125
1309
1436
9722
9069
6206
9749
5000
4548
7855
9248
8202
1933
7322
6789
9522
1890
2160
7134
2990
7279
1326
923
232
825
9075
8621
5994
2387
3942
4865
3234
8419
4841
9324
5442
3062
858
4766
6406
8685
5402
3043
4125
7668
2192
8619
4807
8725
5513
6992
7938
998
5734
9475
6344
4710
869
7650
8550
957
1013
6897
965
4558
4526
7430
6941
7810
8242
2513
7299
3826
2496
5117
8727
5884
7603
7662
4993
870
1983
2909
596
6469
1070
9061
6448
5258
6648
1537
4303
3278
5772
3669
4300
2118
6990
9233
7937
706
650
5369
981
4133
7036
7074
1527
8191
4847
56
3660
2824
904
3732
4896
4920
1519
6971
5294
1445
8164
6152
8370
887
2078
7599
7974
55
6985
2050
3995
3152
2844
2874
9074
9437
9051
6247
4329
5496
9622
1679
6259
5654
7210
4180
5638
636
4266
1121
1329
5401
1484
7712
7888
206
1223
6029
64
5545
5100
4578
290
1259
7009
356
7119
561
3721
3382
2634
9778
3901
6967
9179
9439
4406
2506
9657
422
4519
7763
4004
6113
9203
9923
5414
8324
7925
3297
3267
724
2834
9591
5541
9008
5965
2865
6722
1157
9779
3642
186
910
2263
6950
562
6657
2001
9580
7640
2146
4011
1195
7370
2901
7530
5664
3964
215
4358
3210
5286
6366
4999
2808
5501
2724
1808
2615
5603
8354
6056
4113
1325
847
8531
645
789
7104
9872
880
9453
4921
7623
6920
5648
4286
9121
2415
6221
2512
2672
7187
394
8689
1928
1275
7340
8032
4491
8827
8063
4081
7537
5450
2197
2955
8792
464
7829
3528
1723
3196
7961
7366
4475
6061
1433
6361
1404
5856
2929
9805
4561
4879
4170
3837
9898
4411
9996
5164
9648
7834
8099
6689
1453
3818
6526
1491
9222
696
7108
136
9585
8273
9120
4711
2393
5162
7181
317
2136
9288
4204
7732
5194
3640
8058
5125
6958
949
4912
1158
52
9299
506
9625
7998
4868
1573
1213
3273
6757
9492
7221
6956
6550
4665
9639
877
6886
4493
3501
4674
638
6367
6613
9971
2127
7943
5972
4630
388
7918
8897
5267
9140
1254
1169
9675
9059
7186
833
7679
4785
2696
2040
1990
2832
9449
3012
6402
2434
4241
303
8365
5387
3823
3914
4166
8198
3445
3977
2114
1965
1360
5803
7404
5637
9034
5328
6690
8049
8910
7591
874
6148
345
4836
2272
5642
5173
6333
5959
3264
8480
153
1514
9754
5121
9107
7291
6555
8651
7869
6823
7310
5067
9081
9163
4006
7100
2683
8834
928
3948
4031
7171
8215
897
4355
4690
8891
4186
8522
5499
4990
1600
8865
1494
2190
7368
7353
5934
5280
2038
1173
115
9692
4156
5890
4421
4629
107
9556
124
8016
7561
7321
4811
2075
2084
1691
2180
3101
9596
5153
7219
969
798
3874
8447
8244
5509
9738
6911
7670
6607
7026
7870
7677
4167
6799
848
7334
6070
4997
38
5617
1961
8269
3206
9
7830
2656
1685
7917
7351
5581
991
5928
5279
2538
8963
8186
125
4843
8100
3873
2997
8763
8466
6459
9447
8035
6295
7240
5911
9928
9786
1942
6423
8561
2165
4454
6095
6324
7066
5248
6121
2169
4232
5605
1848
3153
2131
2057
1368
3520
2859
1152
9162
1186
5419
3515
1597
4611
6901
9170
3338
8098
8243
6014
5768
4316
5563
5555
1486
3266
4098
7566
864
2342
6128
6156
337
6593
4002
6629
6006
9430
9348
9147
6509
283
9732
8981
6328
4769
8228
5026
1020
1759
828
4877
8218
9803
2277
9440
6614
4621
6949
2563
8416
1939
3198
4313
328
4253
2319
1687
4328
5848
7331
4345
7839
6215
396
3810
494
3834
5763
6947
4737
952
8003
2646
8018
7664
5733
9317
5896
2495
1811
4168
5403
4218
1902
8372
3536
1800
8701
7204
9125
7420
5011
2592
3527
4346
2715
8015
8609
8527
8091
7337
3405
9091
361
9766
3618
6785
2932
6734
6303
3816
289
6304
7054
9811
7669
711
4762
7624
7070
8898
4047
790
5744
7079
4549
6770
1476
8914
5197
2829
4495
764
4670
7633
6970
1143
7207
8787
7711
823
8992
65
1739
8173
164
2363
9645
7051
9150
453
2032
3643
3319
3381
3744
5303
2828
7808
1639
5775
3896
7001
8493
6436
8532
3653
3195
3151
5690
8966
3750
3852
6619
9442
5973
521
4033
7345
7449
2248
1224
578
7703
8467
826
390
7980
1383
2302
548
3550
8808
7629
2436
2417
1858
3208
6265
9136
1570
5996
5395
953
1490
8668
5323
9963
2857
9887
614
4842
5134
7209
4767
6371
205
4351
618
4838
9377
2052
8235
7630
41
6432
68
2047
429
8165
530
3652
2107
3009
3303
7742
6775
5834
3974
4991
2062
1468
632
2797
9949
5863
3001
5047
8455
4712
449
3200
2334
431
8136
4676
5003
8338
5158
9801
5576
4681
7431
1917
167
9325
2322
3430
3684
6809
754
951
9890
2023
580
242
6580
5878
6769
4616
4116
2240
819
228
2219
6327
4950
2812
4307
5776
958
4834
5155
6479
2819
6231
2330
5767
6476
9755
4575
3187
5031
2194
7660
7570
5688
3275
4023
8884
8265
8970
6182
4623
91
9049
3163
8429
7745
3225
8196
1532
1193
8505
7357
4774
70
540
6319
8086
4449
9318
8182
3639
3455
2088
7130
2523
6430
558
1896
2910
8769
3167
939
8152
1337
3868
7949
5927
8698
106
8973
1556
546
343
7619
7639
4140
4580
9368
4824
2627
5847
4453
7478
1155
39
676
4771
4525
2069
7139
4221
9920
6369
5091
7127
5166
9137
7041
5060
720
2294
2116
8547
2233
9549
8340
7487
8437
4414
7524
7076
8717
2937
8688
1222
1219
9575
2926
9265
9320
6421
7805
6718
8804
891
5440
3784
9533
1072
359
3333
9620
7958
7781
5799
625
1498
8295
9126
2378
8411
6312
6362
2356
1239
2650
4708
1977
2992
1028
7800
8623
5685
42
4471
9014
5256
5068
7244
1674
5693
234
4480
5483
1678
509
2504
5398
6129
7163
7713
4870
5621
4764
1972
3761
1729
6387
3403
2505
5676
5013
2552
2443
4403
9610
9828
6855
6171
1898
9682
8915
5151
191
5692
7306
1116
9413
6001
9840
9793
5880
8279
3452
1181
5297
4743
5904
7438
6732
3284
3122
4129
3058
2664
6385
3577
8948
5390
6827
170
461
5345
3572
3176
5557
4089
9465
6704
4875
5924
7819
8328
4139
1763
3401
8829
5843
2613
3778
7205
9740
7262
9122
9327
5186
8343
2331
2145
2591
9315
3848
9582
4949
9298
25
4649
770
9017
8631
8642
1620
8528
7852
6536
7799
655
4483
9194
6147
747
2835
742
9417
9359
6417
7461
2833
8236
639
8352
7609
7060
2339
2637
141
619
9680
9235
4512
4082
3679
9767
5428
6253
5142
5724
4119
1359
193
4793
9435
4813
1539
5508
2487
11
5007
9858
6554
4962
6138
9250
7077
4746
6879
1538
7146
7612
5596
8078
2574
563
7017
7476
1517
7912
8175
7731
8996
8653
9157
7684
2727
8841
8120
7983
801
9084
3044
9589
9478
4591
3570
7947
1546
6936
3420
4713
6523
7966
582
1767
5857
3554
2888
1635
6559
2428
3416
9783
2293
7217
6872
4860
2402
755
5476
4379
8042
9655
2966
9809
2804
1815
4946
9491
908
5389
8677
4036
4153
1451
5864
177
1465
5189
6604
5281
2779
2725
6694
8498
4854
6084
5953
5941
8318
4090
5298
7982
4215
379
2335
2520
3110
9878
851
3888
4830
7887
276
4122
9525
5844
2368
3671
7408
1327
5140
7199
3835
5936
6000
6155
2880
7157
2296
5309
9587
9053
2986
3734
1897
8790
7701
5876
1440
9020
9956
6522
2031
384
9958
850
3597
5725
7099
226
8796
2716
1079
3436
5658
5977
5870
5694
1585
342
6063
2384
4569
8478
2871
1692
658
3870
1043
2973
26
3080
3366
1638
3963
6943
2964
8434
5824
6157
3105
143
2447
2644
705
59
7069
6172
9093
3929
7687
7019
7924
9409
8851
2189
3586
8549
1297
2395
9514
9357
5021
4402
9849
3111
7764
1460
758
7037
1758
9764
1782
6811
849
1601
9845
3404
2912
3146
4489
9539
7798
8516
3239
8557
1430
54
1078
8657
3015
7197
4722
7315
8408
2579
7287
4667
395
212
8045
3753
6474
9542
3864
3867
6251
2162
2984
9694
8542
9103
602
8730
6310
7469
4149
9759
9072
1231
438
9691
8723
606
8239
84
8589
1105
7177
1376
4608
1426
1509
1686
7568
1288
9780
5755
5469
1774
9723
3162
7403
7700
589
6037
664
2583
2425
455
4176
5771
892
4987
2815
6786
4165
9340
6045
1285
9720
7997
7643
4498
9933
5500
1658
6836
6869
4707
4416
9367
8771
3854
1740
6650
9244
7756
3306
8396
7922
653
5169
1
4260
2110
2211
8945
9269
454
1901
575
7386
6023
2093
4780
9672
4084
5223
3113
2158
2470
2017
6506
1310
6834
6908
9106
3772
5459
1501
6917
8033
3004
5333
3728
5752
1349
4025
6227
6496
3767
7025
7904
8675
8944
6544
71
1241
111
3922
6154
4908
8847
4887
6445
7007
5124
7818
4284
6754
6618
2594
7252
8309
2630
7975
318
9559
4532
4538
5205
647
8123
9488
5937
324
2143
5160
3031
6678
8113
9992
405
1887
97
7607
2516
3581
9642
6016
5055
9418
5582
5940
5869
5687
834
1274
2044
4436
9373
7220
8850
4438
5363
6011
8366
2341
2034
2883
7259
9506
1081
3875
5307
1761
3954
3032
3348
9760
552
9942
446
4601
1014
8552
1857
9774
2790
7990
4730
9638
499
3882
282
6234
6714
8997
2490
1628
5544
830
9231
3631
3595
1768
7618
8285
1052
1780
5441
5917
3935
4804
6443
8862
9892
8184
4892
1659
1164
8797
3876
8794
9979
3051
9515
9870
6274
8843
2338
162
4016
9608
2304
1695
749
9208
4216
5695
2641
1726
6510
8666
1957
251
9227
685
1684
62
9356
7379
730
3223
2982
8321
8930
7305
440
9869
8622
7459
1227
1677
3263
2515
4398
4222
5420
701
8913
4791
3019
3961
3794
9285
8322
8314
5136
6320
3454
534
8538
3517
4849
6282
6933
3878
7614
2543
3435
2208
188
3095
8005
9052
31
94
1690
7551
7434
1636
4600
2679
7374
6035
2911
2736
918
5365
6184
4106
7736
837
1862
2098
8740
4248
7748
482
2419
33
5836
5089
7502
6564
2823
5097
330
9864
3999
7269
2709
5746
3805
2550
1324
8304
9857
3775
3987
4795
7724
9842
7547
8502
7622
469
5110
4778
8009
5432
1906
5405
8826
1550
6051
9881
2104
6697
5518
6228
1960
7302
377
947
102
9216
2806
5444
4982
773
1970
7813
4929
2654
36
1645
2743
9671
586
8013
6854
9013
5102
6863
517
1676
3154
1147
9141
2121
3730
7838
8121
3123
9062
8573
569
2763
7458
662
3782
1057
3310
9273
208
642
752
7682
731
3050
2072
3356
50
3860
3828
9331
6984
7879
4413
3858
1948
7225
9068
76
1094
9193
3450
5044
9508
5588
1464
1701
7232
7536
3459
9432
781
5757
7932
9977
4759
1531
6942
4107
4482
4537
6652
8227
2809
5448
9313
9169
9826
7312
9493
6847
8942
7275
4083
6661
1045
5842
1331
7452
1929
4930
5597
3986
4159
3793
3692
8939
2282
9635
5385
5364
4302
8968
2843
4367
9850
7716
7182
8185
4633
6440
660
2187
49
347
9262
9221
1791
7188
7913
5818
7825
1823
7847
6636
2163
4240
1663
9406
4697
5967
4063
2222
103
8586
7549
1461
5374
8607
3199
2138
7457
9195
7571
5264
1520
2262
7739
3879
8232
7034
5609
2251
9839
4045
4936
112
3387
2367
8817
4624
554
2103
5241
4732
1920
4395
6204
4246
6086
8575
4862
2981
4376
8206
4364
4568
4646
4105
1332
7241
2398
9624
4542
4745
1762
8190
4585
9713
6038
7586
584
180
8224
7863
9272
6216
8986
5882
1354
2159
8932
4833
5630
5289
1296
1766
623
288
6720
9702
3289
5330
5717
2229
6467
2279
8523
3130
57
5133
2658
7385
9060
732
5052
4235
1549
311
3797
6062
5535
8475
2483
1669
5282
185
2831
9006
6384
8391
1166
8310
7150
9541
2350
4465
9511
2749
9237
3796
4131
9067
2427
83
2083
6397
1859
1524
7575
6161
4604
6036
5985
4961
5366
722
3688
7260
5332
6010
6944
2261
5088
3179
861
7055
600
7304
6193
6621
5604
5107
1889
7093
8167
8998
1986
4977
2292
943
9595
4755
2931
1580
2494
3819
428
909
3444
3931
8036
2236
670
6665
6998
1080
8918
9266
4656
1031
674
6032
452
766
4446
2774
856
7049
6583
2757
4013
1434
2778
2449
668
2205
2581
8017
8901
9181
7989
9931
9503
21
9743
2597
6176
6646
7794
2848
3170
9798
5585
8068
7772
1373
1267
122
1425
3708
3368
5452
8905
8286
1316
8432
3343
104
8090
3423
1819
1156
5285
4958
7878
29
5109
7868
3414
435
1814
148
3010
9028
1209
1202
9047
1024
5400
5491
3604
788
9953
1300
8525
4798
294
8116
9668
183
4899
5770
6699
5931
8428
5577
6710
8156
3305
5324
6068
1135
5887
9631
2854
4114
4796
9400
7482
3203
1395
8264
5104
9578
5583
3690
4909
9470
2567
931
268
9577
613
7477
7672
7704
9794
3801
9003
7319
6449
9600
1474
6781
4881
4375
4634
9366
4552
7882
3704
4339
5306
3463
5512
4150
3099
7135
9254
2555
6552
3011
9173
750
7472
3400
297
2225
8617
2596
2429
3535
1049
8
4456
3539
8267
5193
2885
5951
3659
950
8047
2326
2671
4698
905
7787
7970
389
77
5445
7276
1904
6762
5976
4941
2878
2623
387
5935
1641
4053
7779
5543
4563
6843
1210
5850
4918
3821
1835
9477
901
5899
9990
7255
8943
702
4592
323
2825
3389
8319
4543
7063
729
3820
8276
7311
929
765
4642
8614
1642
4637
5482
8022
4826
6675
105
5339
9598
4117
4677
15
2950
3084
5531
2369
7040
1996
4224
2624
473
7866
7156
6224
8820
8226
3133
284
7174
4443
3590
98
4984
8750
3814
348
6726
346
9090
9480
159
1593
675
8284
9554
7765
271
9438
4726
3779
3425
2430
9967
43
1397
3025
6800
4268
6723
4706
4026
6779
7486
2371
2077
8620
9649
7116
5524
2176
2606
1992
367
6009
3787
4582
6965
3383
3754
8747
6249
3024
8503
867
6280
775
1353
5004
5537
7391
1060
315
5504
1614
6143
7790
1959
7466
8882
9501
1443
9970
4691
3315
7373
2988
5919
4200
3747
2759
529
9364
8062
5859
1293
32
6511
3571
6188
8245
7413
1357
7657
8233
5061
4673
3059
5830
7284
6674
1984
3023
8703
8081
6136
173
7769
8414
8189
4718
4565
875
5231
903
8393
146
7248
10
9205
4675
114
7861
7755
4101
663
9010
3726
3086
6631
5176
6664
3085
4184
6814
8317
3470
536
3934
2934
4671
7556
3802
9507
1952
3172
486
4193
3363
4742
6389
3285
3311
2817
7052
9711
9431
6560
7507
6772
3087
3615
4576
915
4423
6100
4709
8604
922
5413
8710
1703
6937
5130
6784
4827
4243
2753
3680
1949
590
9129
5404
1138
6895
2766
8403
6818
9416
9467
3830
9191
6197
6608
3813
9988
4662
1510
8869
3594
9474
5656
8837
9258
8479
4315
1113
4944
7984
7921
1366
2996
1284
1124
6830
8590
4613
4716
9560
374
8349
6115
7183
3283
2582
4687
585
9651
5049
926
4980
2811
8569
6336
7096
7527
3431
4873
8877
8471
4852
5212
1106
4784
7113
6342
3846
3316
2295
8250
6453
132
672
9429
3522
163
244
2754
6893
2851
462
3021
4857
7327
9025
9158
7058
3762
1849
6749
2684
961
381
820
1292
7399
2765
7554
9346
434
3342
3598
5054
4225
1900
4606
3498
6308
1153
4231
4782
9630
7914
3294
7293
5417
9275
4059
8848
6472
399
5221
5305
7673
9825
5991
6968
3668
3089
4000
267
5841
4003
9841
1090
7597
6272
4554
1432
9566
6672
7896
8716
5525
2215
7154
2578
338
8287
9718
7892
1015
3592
467
7124
1442
9820
7444
4934
3323
1727
1623
7860
3065
9278
426
6212
799
5735
5536
7544
2518
7528
2285
4072
1591
627
3851
5191
1840
9628
2866
3936
6334
8611
4913
7002
8871
424
5760
2881
5758
1248
3402
5265
4287
1076
241
6659
2769
1922
1864
7894
3379
1371
1012
5375
7572
2712
550
2612
3583
4014
2746
1050
6007
110
3126
6425
9894
3697
3216
257
491
7018
9455
3658
8712
5601
6957
7038
9183
5564
6173
9263
3916
8327
7200
3468
4181
1998
3562
9643
4965
5041
3910
8758
2336
4378
1753
6835
657
7960
1720
9716
4404
6264
6179
7358
4338
7422
2887
2256
2802
6579
7688
2134
5801
2400
3685
7114
3982
135
9380
9100
4055
8213
8626
3036
3393
5259
5660
4469
2214
4304
8700
9916
805
5408
9621
3048
8405
335
3441
2858
6513
340
4825
1266
4477
2862
2535
2903
1178
5741
457
9930
113
505
1565
7097
8151
6758
171
6050
4392
8788
7946
643
7238
2580
1018
8044
9256
1431
3494
9707
6525
2562
2750
2167
2633
4393
7903
1097
8593
8263
4882
6322
2459
1776
66
2980
6137
6975
4531
5838
6151
4627
5891
2413
777
3970
1851
2173
4562
3895
7021
5288
5641
5346
6057
2870
6254
9344
9383
726
5238
5750
3665
2166
8500
7418
6767
3844
8360
8112
1347
7795
6412
2666
4349
7061
2987
944
2346
7131
6076
3038
2280
6018
6049
5249
1872
493
9007
447
197
3886
4479
4008
2420
8363
2571
7308
2522
992
7501
8412
2935
7574
4164
2344
9123
9176
9613
4996
9267
2416
4360
5932
3437
309
256
1302
7820
9837
1233
7542
9927
815
3892
510
5727
5344
8181
3357
5008
8438
6969
6899
2066
7768
1344
6307
357
3280
4445
9632
1708
1817
3839
5225
1629
527
7689
6494
9102
7534
2840
23
9035
3930
843
8530
1962
4470
258
9796
9246
5030
6571
9040
2729
4954
1806
4298
5606
7375
6427
907
6630
1467
7807
5310
4734
109
119
2469
744
223
3619
8811
221
3958
855
9562
7251
2616
6518
1313
5485
2156
5650
6878
9905
866
6688
5463
364
7396
2719
9807
2435
5901
8004
1133
7068
9242
2601
4794
860
5571
4748
5963
2640
1345
1021
265
3471
4823
8387
6647
9374
4049
8982
3424
9223
275
8041
9884
9112
5938
9547
6079
1364
2403
6126
7649
1615
9972
3287
5587
269
3191
8759
4386
1521
9929
3364
5933
2310
1916
1489
8789
5331
9816
3881
2478
8839
7513
8873
3567
8926
707
1277
4659
1918
3302
6004
7634
9567
5599
3361
4292
2090
597
502
3607
7445
6286
2799
1243
6410
6742
5885
9424
5751
4226
1772
8355
5269
6740
8305
2681
8632
9978
3632
8073
2849
9984
7941
8064
733
9411
7784
1146
8379
5949
6102
4741
3956
3893
4061
4145
2221
5406
2489
1879
9806
2896
1925
5704
6373
5455
415
2621
1616
9995
7900
7792
1387
946
160
157
8733
9030
9677
2042
2781
8001
3045
222
6549
9448
2777
3449
2408
3617
3268
4420
9552
4518
8418
7180
6491
3606
1255
9204
1449
4426
637
4754
7409
6796
4070
2924
489
6712
8686
1804
9653
2643
3976
3135
5046
9726
4132
3247
3674
1617
5709
8435
9802
831
3180
5218
5689
327
1129
6577
9076
2457
9751
9113
1165
8431
6258
6737
2080
9215
895
46
7132
2119
9395
3664
1834
9174
1700
7453
291
6044
3456
9415
7175
1455
873
3155
4146
8103
4297
6703
7592
2238
859
6268
2392
8648
3748
6909
5519
2203
9973
8818
7902
3500
979
6409
5666
7253
5593
2374
2620
9851
882
4779
6456
7850
5561
7359
5073
4046
9365
495
5479
3071
7439
4567
6398
7889
9482
1602
6012
735
5958
8536
8863
1921
8092
9071
5260
7766
9458
3887
599
6490
6473
2978
8578
8640
4030
1867
1863
4272
7382
7976
6058
4019
7075
9941
2792
9462
9753
6625
1033
6556
4457
3932
4399
7498
741
7635
5898
5793
6987
8056
3324
5665
7760
7617
6433
9184
5012
3905
1743
5167
2649
8110
9319
6326
475
7899
4989
8140
7004
3952
2394
5357
385
2085
1756
1062
5691
8423
3188
1594
6269
3486
4781
4749
4362
4474
204
4898
7086
8169
2237
857
7383
9795
7737
1114
4648
8857
8101
6777
5359
7346
4352
6837
1696
4524
295
5454
1625
9189
9592
3682
3829
4765
6700
2358
1321
9284
7728
4361
9352
4212
8057
774
1355
7468
2445
9576
629
1308
3052
8012
5487
516
7035
8875
9002
689
8179
5183
8048
5982
5625
8777
1860
3755
878
7604
3889
9781
9234
4462
1574
1832
4
7890
224
1280
9947
1010
5930
5293
8934
6181
1543
8791
8268
6187
4434
2807
966
3218
8487
7125
4194
5368
883
6907
1576
9564
3134
899
7367
9683
465
7455
7161
6638
9117
213
634
2152
4320
5915
2642
6408
1793
7562
7424
564
5224
9054
4179
3670
1175
4844
6713
353
2228
6584
2139
1145
2422
1270
5892
6355
2593
2573
4911
8128
4535
1845
4586
9058
1712
9517
1128
1878
398
8887
9823
7330
2822
1646
8439
7569
9695
5113
8348
9867
1752
8815
7519
9148
4819
9118
4988
7184
8579
5881
7223
7933
2009
131
2814
7405
9510
6131
5698
6381
9379
79
5812
7421
5474
3138
593
9229
6515
4128
3053
6877
5779
3473
938
1971
4326
3168
4981
8147
1492
9982
8259
3141
6111
8844
9391
3508
6340
8564
1956
9792
7753
1439
496
9149
3407
533
4369
5015
3178
7821
4370
4832
7380
7793
9882
5590
9463
2787
3973
7423
8453
9586
9414
8856
8440
9082
3792
7995
4829
3724
6977
6542
7844
5493
6302
7047
9382
7831
4679
9207
6611
5198
4508
557
5093
5247
134
8802
5645
4715
2397
3014
3409
9636
7931
3330
8420
3481
5449
4001
5270
8904
7707
2960
9597
9727
5736
145
4452
3127
5671
169
2327
6321
1979
4104
4858
1697
9853
9833
6585
3480
3491
4041
2925
9819
6815
8299
1664
9363
8890
4301
2961
8485
5528
4729
2289
5532
812
7694
7545
7979
5572
1417
5070
7349
9852
8900
3344
4197
2269
8694
3763
7463
648
6755
1365
9524
5180
8051
2954
9037
93
1176
358
759
8026
6507
9950
4388
8840
5672
9603
4251
1578
2546
4867
5651
5043
4110
4327
5050
9175
3265
4239
9936
4476
9443
158
5086
4050
8014
6660
921
6812
1405
1596
6856
8625
6305
3384
5652
6642
5636
248
7474
6463
5424
4900
2140
9172
3675
2096
2845
5202
5979
7172
1882
2472
1226
5970
3298
6696
1876
8909
2101
604
972
7582
3157
8177
1450
4533
3920
5632
9543
2150
7836
4903
8114
1470
3092
7905
5853
9027
6458
8454
5214
7817
2908
5713
7511
4618
4335
58
4368
8714
3397
3770
7778
7465
8782
1108
5436
2813
8158
5922
1126
7971
8855
8555
6380
5742
8102
8886
9296
6978
3523
8278
8842
5600
7234
279
2196
2704
1515
9165
6891
7043
3574
6177
7826
6160
9086
2846
8594
4705
8474
6480
2290
479
4557
2106
3301
8889
6110
3488
5272
7854
6601
686
9855
963
4382
4087
1132
3673
5813
3917
8693
5826
5315
9212
890
9856
9745
7226
821
4874
393
3610
5989
5893
2423
2157
4343
9935
6952
189
3242
7364
6471
4614
1174
1699
3124
3215
3229
2821
9219
1420
9206
9634
3566
9725
5213
1969
1040
1394
4963
2953
4143
5319
6446
8424
4237
2340
4516
7354
6255
4805
7881
8917
5948
8764
1837
7540
6980
2570
1888
1787
1821
8481
5146
964
3440
3687
2095
8539
6816
7596
1037
3558
4551
9290
1502
4127
6508
2661
1567
9489
9402
4171
1149
8425
3006
2373
400
5705
6813
3547
1001
6988
2484
6281
4619
5649
7296
371
7721
2938
8519
3230
4905
2770
6488
3623
8861
7363
6465
8892
1305
3354
270
3329
6512
2039
8706
7697
4078
3795
8541
9260
9824
2544
133
4496
477
6420
1228
7559
652
1260
2867
8800
3578
3859
4620
2751
2962
9673
2603
8983
4506
1621
607
2548
5921
4270
3291
4111
2826
6002
2587
3257
6351
2199
1554
2051
7832
1343
1716
7053
7128
8029
7718
8581
3695
7691
9761
898
1540
9351
9939
9975
4837
4437
6905
8807
5027
577
2558
2390
3205
9627
9021
2164
2689
2463
6125
4244
7558
566
5348
5019
7429
3897
4309
9994
5822
5730
8161
8394
762
9412
4093
6698
9104
6223
4288
419
5811
2952
7080
6349
3584
7973
1207
8019
7972
6667
984
6348
1557
4736
9961
2181
6671
3551
2728
4885
7027
8751
8083
7920
8946
2939
5547
6013
6801
6024
9386
9105
1346
7759
5209
7734
4306
2241
487
714
2479
2126
233
1950
6547
6075
7432
9836
8027
7526
9476
9688
9200
6662
5219
5210
8726
8316
6350
8940
9220
2576
881
3516
8040
9954
3446
7642
9291
8753
9316
8356
296
695
7091
6106
1630
3070
1215
804
6117
8449
687
6516
8134
6314
331
5993
6728
1290
3906
2377
7362
2776
1479
6503
5875
1513
1123
3861
8117
2271
6141
4408
9245
2468
3555
6921
1182
6766
508
2132
1053
3221
5168
1947
1693
5443
4643
7690
2968
5466
4695
8050
5762
3871
6360
4598
4478
4494
6447
7602
1367
4427
9747
7211
2507
2414
4728
2010
6099
6339
4799
8260
7082
3990
8085
5254
4141
9459
8647
962
2216
147
316
6356
4872
4682
9201
3261
5797
8067
24
3616
3406
6034
2111
7285
977
4505
1788
4024
5607
5565
1046
7608
2902
7727
6229
1221
6003
6531
3741
4126
4325
2943
8071
9015
1670
1785
7256
4625
2618
5001
6222
3432
2614
8776
1029
8155
7529
9024
2424
920
699
7258
6768
7631
9043
3953
5120
7215
5138
9697
9912
2177
6059
7674
9041
3620
2662
704
9964
5925
9715
2530
1127
8976
9662
9300
3740
2147
4189
4584
378
8508
4721
8234
7341
3299
1673
719
2016
2112
314
7462
3391
1413
1764
3510
7475
8341
7071
3605
1891
9444
3292
4040
3696
1816
2323
1183
9959
6069
9532
5900
2500
3537
8270
214
5122
8629
4644
6276
9838
3474
9814
7149
1188
8300
9659
1263
172
9861
1968
8388
8883
1769
9611
7112
2437
6027
2299
3251
90
1799
4290
8084
2739
8588
601
8544
6468
5156
4484
6782
3883
5409
8325
6938
6838
7031
1843
5257
2561
8778
4610
6005
9154
3940
4859
1160
1109
8830
5126
8126
3394
927
7515
3398
4177
1869
4330
8008
6170
3231
2920
416
3998
7632
7169
2529
8188
6370
9500
4174
4861
8225
8927
4337
3978
6633
8624
3345
4262
176
8275
5148
7064
1377
7771
366
1251
3028
3046
2386
6867
2685
5178
4255
5548
809
1865
8082
8280
2502
8558
8567
8492
4925
4293
4581
1651
500
8197
5101
2717
9457
4888
2474
69
1709
3217
6628
7488
7045
8105
7165
633
2868
6435
9098
1757
6935
3174
5569
6616
8430
2458
3106
6676
8524
5774
656
1011
1026
6913
5471
9057
8392
2584
523
8248
3493
2892
9280
4822
2343
7235
8410
780
5560
3749
8784
417
8333
6243
1871
8965
7595
6600
7696
9190
108
1737
3235
6071
7659
4314
4546
9551
5591
7277
2752
2619
3118
2441
4938
4939
3947
4322
5682
3988
7862
5276
7587
8384
9904
5292
1044
6966
6963
5075
2944
9709
6808
3825
3738
1955
3096
1380
9983
1553
8563
3103
9032
2786
6441
3913
6475
7740
8142
3073
7318
4310
8046
1137
4017
7271
7361
4590
7935
8679
1438
5137
2137
2869
7773
80
2102
2008
4895
6540
6849
4389
3843
5141
6576
721
9495
4994
8444
6724
6821
7410
3678
1626
1142
1552
9481
8853
1765
8095
8646
1945
8643
2286
4428
2722
2076
917
5079
8835
4555
4459
8486
8783
9066
1139
547
9026
1836
498
7518
2775
1660
8220
4415
7988
5159
1217
9644
9991
6569
9339
2347
5139
9886
336
5263
5729
6606
8201
300
3214
5825
2274
8006
7303
3924
5388
1319
4739
1342
6896
2837
8572
1722
370
8551
681
3928
2789
6237
2306
6505
3418
6875
28
3318
2733
3629
2231
2250
1786
7837
2519
3016
5905
165
8096
9375
7767
9817
5051
8511
3613
3055
2079
4640
5382
5608
6568
7666
2755
624
9519
5945
7809
6592
9243
2297
1954
5837
240
6873
786
9134
3507
9863
8565
6857
8656
757
7224
1400
1281
3325
5815
6047
4486
4073
8272
8719
3727
7344
116
5684
3090
2930
6845
5906
6803
4615
9083
3482
420
4820
6105
3272
7957
3915
7254
6982
443
1201
1647
9748
3193
6620
3254
6218
9934
4283
4945
5080
8180
8122
4884
9768
3783
5114
8741
1963
5619
4263
4605
8065
5322
959
5094
9848
4276
8436
3817
7393
8150
1393
3018
3909
1526
9297
8655
7576
8669
6923
5540
7910
7776
7083
2360
1606
1568
559
1698
9434
6042
2889
1493
3630
6832
7121
281
2461
444
6504
9445
4102
8075
192
2410
2333
7651
4699
2070
8302
6028
9337
1927
6163
5217
9301
5425
1721
6250
3091
2018
8495
4773
1068
4321
7003
9224
7214
5943
3466
7189
7875
3457
7376
382
1738
8587
6743
2235
5728
2438
1640
6656
3898
7581
5468
5188
4768
4155
2600
7867
20
411
401
513
3184
6123
1991
9758
1978
3212
437
522
2006
6358
1802
6164
3662
7198
3634
4068
2142
6708
9948
7719
1500
2876
1838
795
8994
740
2693
5439
7347
4955
2610
2123
2105
74
6534
2065
1841
5975
4702
7539
4331
9055
1662
5236
3385
34
4257
1741
3148
3211
3309
92
2928
4377
8950
1868
954
8293
230
216
6119
6390
1680
995
7266
2599
4247
4983
5708
5083
3807
3856
255
4974
8283
518
9741
9914
1598
8533
5897
7206
665
2454
8649
3492
5172
4738
4123
5228
8795
3542
2589
6884
4528
4405
4684
6679
4467
3412
7532
7708
5969
2585
6309
6903
3413
3693
310
8962
2099
7395
6889
5673
4750
3484
6669
2213
1883
3349
6419
2922
3955
37
3371
2768
8373
7390
5187
9332
7522
3548
9756
8399
9341
4065
7761
1098
3635
8463
4196
5506
4341
8257
5516
9355
579
9640
935
245
3518
6395
3453
8192
6107
8674
9210
6928
9609
3714
2660
6169
2462
9731
9396
8562
573
8757
1381
4891
3647
9546
8499
101
8810
9629
2312
9750
4396
718
9689
7590
7774
6500
9584
6765
3347
2527
8160
7185
751
4593
7412
3667
8728
6915
8413
2545
144
3013
5020
6413
9264
1212
3891
4095
5644
6883
2622
1590
7814
369
6787
2682
8443
5352
5550
3599
2841
5010
6383
4136
8154
8221
2476
8337
930
5817
4213
7426
4689
2276
6829
6794
6685
3907
7030
9077
8824
4205
9464
5667
239
2355
5356
7641
8174
6033
7788
4054
3764
4927
2882
7016
8472
1547
6582
792
8556
3627
2628
63
9999
4851
7752
987
9960
9730
302
6709
6202
7013
2352
1988
250
9281
220
3483
5503
2670
2184
4924
9270
4821
6888
9261
210
2710
6945
6898
2923
5912
7117
4077
8476
1475
3256
3207
6040
2607
3314
2320
1483
5144
1003
9469
8146
6235
470
2942
459
5745
7891
8229
2002
7014
8707
6270
5714
1348
2638
3078
9145
4317
3717
1350
8592
6548
3352
6245
9490
1246
2060
1522
3448
9471
7610
1735
7999
6021
2539
8168
2497
2027
8513
8377
3869
2796
1707
3563
8921
7481
3676
5392
824
6802
9772
9623
2949
5805
1414
709
9042
1379
13
7216
2232
409
2471
4229
5846
8822
9770
7242
8823
8323
778
6725
1936
4788
8580
7126
4571
4906
5586
7663
3390
8030
5127
6375
1545
5634
5174
8612
3579
1335
4969
2526
8798
7387
4814
6644
4883
5553
1914
6683
392
5631
9335
2380
2314
9018
8465
3773
9581
3596
1002
4733
2412
2091
9832
8060
9776
5045
3378
274
4173
2556
3312
1437
1985
5679
4529
9658
9312
8445
6745
6612
3222
8208
2514
3495
7675
6931
615
8576
3428
2842
47
2701
6887
492
1179
9131
4261
9012
7648
7133
8606
6706
5623
4553
2128
5179
8743
4502
3128
9846
7110
3777
2919
7851
3497
1935
1903
6517
1102
5696
2440
4182
7654
641
813
635
1801
5255
5464
3960
8230
2629
7580
3365
6750
3499
4242
1981
9769
698
8711
7514
2963
7499
4645
7726
9050
4971
8929
5412
5957
3503
5542
3739
5786
4289
3981
6736
1582
694
8374
894
5028
6563
8462
6649
3996
8821
5351
5177
9834
7103
8638
3026
9641
9217
2332
1257
5347
1844
6065
8002
8313
4062
7567
5907
9921
7236
6637
9993
1027
3321
2220
6860
2678
9687
6118
9164
4959
3194
44
3469
7907
5199
2687
3966
5316
362
2773
1507
3185
2762
8097
2549
7456
8720
5939
1714
9369
3743
9854
262
666
3341
2586
5087
5230
808
9456
6031
6454
7533
2007
9660
1941
9618
5823
2700
8635
5913
532
4295
2033
1390
4264
7011
1744
3945
5082
9969
5629
7056
3408
9868
5266
2542
8390
620
8452
154
5615
8659
3847
3077
8406
4441
5567
9230
117
4589
5613
3396
7565
7365
5283
9918
2852
9252
4848
6959
1396
6493
1230
4250
7123
8271
5748
756
6753
9797
9403
2329
8911
363
2705
7876
5064
3645
5764
3475
6624
8362
8494
3812
2547
6074
1777
6200
326
7620
6338
2894
4686
7653
4032
5361
3226
4933
4639
9390
5057
9451
7686
1997
3711
3088
6521
840
6094
8448
9714
6252
1733
6096
7178
7355
4622
2972
2124
2872
5208
1004
8899
9784
7348
2915
1937
5950
4018
8902
7699
190
195
6192
7441
6403
2708
5358
6687
2161
7786
4753
3628
2540
6623
846
6275
3003
7389
1456
48
5999
3159
4435
7324
5990
7029
6707
6701
5754
9132
3173
9485
4839
9593
3245
5962
1249
5226
980
7222
942
2073
7372
6890
4632
6744
1873
6804
6287
5731
8298
2234
7714
2517
5154
4657
9211
8294
4124
2895
6026
748
6066
3838
5862
5190
7717
5175
9350
1339
1204
2900
9529
4770
6133
3713
7600
2575
4037
4666
8141
9733
236
4744
7450
2957
814
7471
3824
8129
974
8507
3588
8461
9425
8077
3228
9693
2154
8859
3603
5246
4560
7191
1273
4209
631
3957
481
7140
6442
9336
5399
333
783
8571
3912
5789
5397
6145
7085
2135
7039
9293
4703
2011
1287
8358
4717
8222
9479
2767
9199
8931
2853
6142
8972
6729
7297
3672
5184
3855
682
3395
9247
2605
8615
8306
3139
7840
9419
9876
6658
5245
7464
6900
876
1086
3655
3260
6262
8935
1923
1089
5827
3005
6819
2015
2246
5505
8838
5626
5716
4521
7683
3270
4574
4650